Time: 0
Task-uri in asteptare:: (1,2,2); (2,2,2); (3,2,3); (4,2,2); (5,2,1); (6,2,3); (7,2,3); (8,2,3); (9,2,3); (10,2,2); (11,2,1); (12,2,2); (13,2,2); (14,2,1); (15,2,3); (16,2,3); (17,2,1); (18,2,1); (19,2,2); (20,2,2); (21,2,2); (22,2,2); (23,2,2); (24,2,1); (25,2,1); (26,2,3); (27,2,3); (28,2,2); (29,3,2); (30,3,3); (31,3,3); (32,3,3); (33,3,3); (34,3,2); (35,3,1); (36,3,1); (37,3,3); (38,3,3); (39,3,2); (40,3,2); (41,3,1); (42,3,3); (43,3,2); (44,3,1); (45,3,3); (46,3,1); (47,3,2); (48,3,2); (49,3,1); (50,3,1); (51,3,3); (52,3,2); (53,3,2); (54,3,3); (55,3,2); (56,3,2); (57,3,3); (58,3,2); (59,3,1); (60,3,3); (61,4,3); (62,4,2); (63,4,3); (64,4,2); (65,4,1); (66,4,3); (67,4,3); (68,4,1); (69,4,3); (70,4,1); (71,4,1); (72,4,2); (73,4,3); (74,4,1); (75,4,3); (76,4,1); (77,4,3); (78,4,3); (79,4,1); (80,4,3); (81,4,2); (82,4,1); (83,4,2); (84,4,2); (85,4,1); (86,4,2); (87,4,1); (88,4,3); (89,4,3); (90,4,2); (91,4,2); (92,4,2); (93,4,1); (94,4,2); (95,4,1); (96,4,3); (97,4,3); (98,4,3); (99,4,1); (100,4,1); 
Server 1: inchis
Server 2: inchis
Server 3: inchis
Server 4: inchis
Server 5: inchis

Time: 1
Task-uri in asteptare:: (1,2,2); (2,2,2); (3,2,3); (4,2,2); (5,2,1); (6,2,3); (7,2,3); (8,2,3); (9,2,3); (10,2,2); (11,2,1); (12,2,2); (13,2,2); (14,2,1); (15,2,3); (16,2,3); (17,2,1); (18,2,1); (19,2,2); (20,2,2); (21,2,2); (22,2,2); (23,2,2); (24,2,1); (25,2,1); (26,2,3); (27,2,3); (28,2,2); (29,3,2); (30,3,3); (31,3,3); (32,3,3); (33,3,3); (34,3,2); (35,3,1); (36,3,1); (37,3,3); (38,3,3); (39,3,2); (40,3,2); (41,3,1); (42,3,3); (43,3,2); (44,3,1); (45,3,3); (46,3,1); (47,3,2); (48,3,2); (49,3,1); (50,3,1); (51,3,3); (52,3,2); (53,3,2); (54,3,3); (55,3,2); (56,3,2); (57,3,3); (58,3,2); (59,3,1); (60,3,3); (61,4,3); (62,4,2); (63,4,3); (64,4,2); (65,4,1); (66,4,3); (67,4,3); (68,4,1); (69,4,3); (70,4,1); (71,4,1); (72,4,2); (73,4,3); (74,4,1); (75,4,3); (76,4,1); (77,4,3); (78,4,3); (79,4,1); (80,4,3); (81,4,2); (82,4,1); (83,4,2); (84,4,2); (85,4,1); (86,4,2); (87,4,1); (88,4,3); (89,4,3); (90,4,2); (91,4,2); (92,4,2); (93,4,1); (94,4,2); (95,4,1); (96,4,3); (97,4,3); (98,4,3); (99,4,1); (100,4,1); 
Server 1: inchis
Server 2: inchis
Server 3: inchis
Server 4: inchis
Server 5: inchis

Time: 2
Task-uri in asteptare:: (29,3,2); (30,3,3); (31,3,3); (32,3,3); (33,3,3); (34,3,2); (35,3,1); (36,3,1); (37,3,3); (38,3,3); (39,3,2); (40,3,2); (41,3,1); (42,3,3); (43,3,2); (44,3,1); (45,3,3); (46,3,1); (47,3,2); (48,3,2); (49,3,1); (50,3,1); (51,3,3); (52,3,2); (53,3,2); (54,3,3); (55,3,2); (56,3,2); (57,3,3); (58,3,2); (59,3,1); (60,3,3); (61,4,3); (62,4,2); (63,4,3); (64,4,2); (65,4,1); (66,4,3); (67,4,3); (68,4,1); (69,4,3); (70,4,1); (71,4,1); (72,4,2); (73,4,3); (74,4,1); (75,4,3); (76,4,1); (77,4,3); (78,4,3); (79,4,1); (80,4,3); (81,4,2); (82,4,1); (83,4,2); (84,4,2); (85,4,1); (86,4,2); (87,4,1); (88,4,3); (89,4,3); (90,4,2); (91,4,2); (92,4,2); (93,4,1); (94,4,2); (95,4,1); (96,4,3); (97,4,3); (98,4,3); (99,4,1); (100,4,1); 
Server 1: (1,2,2);  (7,2,3);  (12,2,2);  (18,2,1);  (21,2,2);  (26,2,3); 
Server 2: (2,2,2);  (8,2,3);  (13,2,2);  (19,2,2);  (24,2,1);  (27,2,3); 
Server 3: (3,2,3);  (10,2,2);  (14,2,1);  (17,2,1);  (20,2,2);  (25,2,1);  (28,2,2); 
Server 4: (4,2,2);  (9,2,3);  (15,2,3);  (22,2,2); 
Server 5: (5,2,1);  (6,2,3);  (11,2,1);  (16,2,3);  (23,2,2); 

Time: 3
Task-uri in asteptare:: (42,3,3); (43,3,2); (44,3,1); (45,3,3); (46,3,1); (47,3,2); (48,3,2); (49,3,1); (50,3,1); (51,3,3); (52,3,2); (53,3,2); (54,3,3); (55,3,2); (56,3,2); (57,3,3); (58,3,2); (59,3,1); (60,3,3); (61,4,3); (62,4,2); (63,4,3); (64,4,2); (65,4,1); (66,4,3); (67,4,3); (68,4,1); (69,4,3); (70,4,1); (71,4,1); (72,4,2); (73,4,3); (74,4,1); (75,4,3); (76,4,1); (77,4,3); (78,4,3); (79,4,1); (80,4,3); (81,4,2); (82,4,1); (83,4,2); (84,4,2); (85,4,1); (86,4,2); (87,4,1); (88,4,3); (89,4,3); (90,4,2); (91,4,2); (92,4,2); (93,4,1); (94,4,2); (95,4,1); (96,4,3); (97,4,3); (98,4,3); (99,4,1); (100,4,1); 
Server 1: (1,2,1);  (7,2,3);  (12,2,2);  (18,2,1);  (21,2,2);  (26,2,3);  (33,3,3);  (49,3,1); 
Server 2: (2,2,1);  (8,2,3);  (13,2,2);  (19,2,2);  (24,2,1);  (27,2,3);  (34,3,2);  (39,3,2); 
Server 3: (3,2,2);  (10,2,2);  (14,2,1);  (17,2,1);  (20,2,2);  (25,2,1);  (28,2,2);  (31,3,3);  (41,3,1); 
Server 4: (4,2,1);  (9,2,3);  (15,2,3);  (22,2,2);  (29,3,2);  (32,3,3);  (44,3,1); 
Server 5: (6,2,3);  (11,2,1);  (16,2,3);  (23,2,2);  (30,3,3);  (35,3,1);  (36,3,1);  (46,3,1); 

Time: 4
Task-uri in asteptare:: (42,3,3); (43,3,2); (44,3,1); (45,3,3); (46,3,1); (47,3,2); (48,3,2); (49,3,1); (50,3,1); (51,3,3); (52,3,2); (53,3,2); (54,3,3); (55,3,2); (56,3,2); (57,3,3); (58,3,2); (59,3,1); (60,3,3); (61,4,3); (62,4,2); (63,4,3); (64,4,2); (65,4,1); (66,4,3); (67,4,3); (68,4,1); (69,4,3); (70,4,1); (71,4,1); (72,4,2); (73,4,3); (74,4,1); (75,4,3); (76,4,1); (77,4,3); (78,4,3); (79,4,1); (80,4,3); (81,4,2); (82,4,1); (83,4,2); (84,4,2); (85,4,1); (86,4,2); (87,4,1); (88,4,3); (89,4,3); (90,4,2); (91,4,2); (92,4,2); (93,4,1); (94,4,2); (95,4,1); (96,4,3); (97,4,3); (98,4,3); (99,4,1); (100,4,1); 
Server 1: (7,2,3);  (12,2,2);  (18,2,1);  (21,2,2);  (26,2,3);  (33,3,3);  (49,3,1); 
Server 2: (8,2,3);  (13,2,2);  (19,2,2);  (24,2,1);  (27,2,3);  (34,3,2);  (39,3,2); 
Server 3: (3,2,1);  (10,2,2);  (14,2,1);  (17,2,1);  (20,2,2);  (25,2,1);  (28,2,2);  (31,3,3);  (41,3,1); 
Server 4: (9,2,3);  (15,2,3);  (22,2,2);  (29,3,2);  (32,3,3);  (44,3,1); 
Server 5: (6,2,2);  (11,2,1);  (16,2,3);  (23,2,2);  (30,3,3);  (35,3,1);  (36,3,1);  (46,3,1); 

Time: 5
Task-uri in asteptare:: (42,3,3); (43,3,2); (44,3,1); (45,3,3); (46,3,1); (47,3,2); (48,3,2); (49,3,1); (50,3,1); (51,3,3); (52,3,2); (53,3,2); (54,3,3); (55,3,2); (56,3,2); (57,3,3); (58,3,2); (59,3,1); (60,3,3); (61,4,3); (62,4,2); (63,4,3); (64,4,2); (65,4,1); (66,4,3); (67,4,3); (68,4,1); (69,4,3); (70,4,1); (71,4,1); (72,4,2); (73,4,3); (74,4,1); (75,4,3); (76,4,1); (77,4,3); (78,4,3); (79,4,1); (80,4,3); (81,4,2); (82,4,1); (83,4,2); (84,4,2); (85,4,1); (86,4,2); (87,4,1); (88,4,3); (89,4,3); (90,4,2); (91,4,2); (92,4,2); (93,4,1); (94,4,2); (95,4,1); (96,4,3); (97,4,3); (98,4,3); (99,4,1); (100,4,1); 
Server 1: (7,2,2);  (12,2,2);  (18,2,1);  (21,2,2);  (26,2,3);  (33,3,3);  (49,3,1); 
Server 2: (8,2,2);  (13,2,2);  (19,2,2);  (24,2,1);  (27,2,3);  (34,3,2);  (39,3,2); 
Server 3: (10,2,2);  (14,2,1);  (17,2,1);  (20,2,2);  (25,2,1);  (28,2,2);  (31,3,3);  (41,3,1); 
Server 4: (9,2,2);  (15,2,3);  (22,2,2);  (29,3,2);  (32,3,3);  (44,3,1); 
Server 5: (6,2,1);  (11,2,1);  (16,2,3);  (23,2,2);  (30,3,3);  (35,3,1);  (36,3,1);  (46,3,1); 

Time: 6
Task-uri in asteptare:: (42,3,3); (43,3,2); (44,3,1); (45,3,3); (46,3,1); (47,3,2); (48,3,2); (49,3,1); (50,3,1); (51,3,3); (52,3,2); (53,3,2); (54,3,3); (55,3,2); (56,3,2); (57,3,3); (58,3,2); (59,3,1); (60,3,3); (61,4,3); (62,4,2); (63,4,3); (64,4,2); (65,4,1); (66,4,3); (67,4,3); (68,4,1); (69,4,3); (70,4,1); (71,4,1); (72,4,2); (73,4,3); (74,4,1); (75,4,3); (76,4,1); (77,4,3); (78,4,3); (79,4,1); (80,4,3); (81,4,2); (82,4,1); (83,4,2); (84,4,2); (85,4,1); (86,4,2); (87,4,1); (88,4,3); (89,4,3); (90,4,2); (91,4,2); (92,4,2); (93,4,1); (94,4,2); (95,4,1); (96,4,3); (97,4,3); (98,4,3); (99,4,1); (100,4,1); 
Server 1: (7,2,1);  (12,2,2);  (18,2,1);  (21,2,2);  (26,2,3);  (33,3,3);  (49,3,1); 
Server 2: (8,2,1);  (13,2,2);  (19,2,2);  (24,2,1);  (27,2,3);  (34,3,2);  (39,3,2); 
Server 3: (10,2,1);  (14,2,1);  (17,2,1);  (20,2,2);  (25,2,1);  (28,2,2);  (31,3,3);  (41,3,1); 
Server 4: (9,2,1);  (15,2,3);  (22,2,2);  (29,3,2);  (32,3,3);  (44,3,1); 
Server 5: (11,2,1);  (16,2,3);  (23,2,2);  (30,3,3);  (35,3,1);  (36,3,1);  (46,3,1); 

Time: 7
Task-uri in asteptare:: (42,3,3); (43,3,2); (44,3,1); (45,3,3); (46,3,1); (47,3,2); (48,3,2); (49,3,1); (50,3,1); (51,3,3); (52,3,2); (53,3,2); (54,3,3); (55,3,2); (56,3,2); (57,3,3); (58,3,2); (59,3,1); (60,3,3); (61,4,3); (62,4,2); (63,4,3); (64,4,2); (65,4,1); (66,4,3); (67,4,3); (68,4,1); (69,4,3); (70,4,1); (71,4,1); (72,4,2); (73,4,3); (74,4,1); (75,4,3); (76,4,1); (77,4,3); (78,4,3); (79,4,1); (80,4,3); (81,4,2); (82,4,1); (83,4,2); (84,4,2); (85,4,1); (86,4,2); (87,4,1); (88,4,3); (89,4,3); (90,4,2); (91,4,2); (92,4,2); (93,4,1); (94,4,2); (95,4,1); (96,4,3); (97,4,3); (98,4,3); (99,4,1); (100,4,1); 
Server 1: (12,2,2);  (18,2,1);  (21,2,2);  (26,2,3);  (33,3,3);  (49,3,1); 
Server 2: (13,2,2);  (19,2,2);  (24,2,1);  (27,2,3);  (34,3,2);  (39,3,2); 
Server 3: (14,2,1);  (17,2,1);  (20,2,2);  (25,2,1);  (28,2,2);  (31,3,3);  (41,3,1); 
Server 4: (15,2,3);  (22,2,2);  (29,3,2);  (32,3,3);  (44,3,1); 
Server 5: (16,2,3);  (23,2,2);  (30,3,3);  (35,3,1);  (36,3,1);  (46,3,1); 

Time: 8
Task-uri in asteptare:: (42,3,3); (43,3,2); (44,3,1); (45,3,3); (46,3,1); (47,3,2); (48,3,2); (49,3,1); (50,3,1); (51,3,3); (52,3,2); (53,3,2); (54,3,3); (55,3,2); (56,3,2); (57,3,3); (58,3,2); (59,3,1); (60,3,3); (61,4,3); (62,4,2); (63,4,3); (64,4,2); (65,4,1); (66,4,3); (67,4,3); (68,4,1); (69,4,3); (70,4,1); (71,4,1); (72,4,2); (73,4,3); (74,4,1); (75,4,3); (76,4,1); (77,4,3); (78,4,3); (79,4,1); (80,4,3); (81,4,2); (82,4,1); (83,4,2); (84,4,2); (85,4,1); (86,4,2); (87,4,1); (88,4,3); (89,4,3); (90,4,2); (91,4,2); (92,4,2); (93,4,1); (94,4,2); (95,4,1); (96,4,3); (97,4,3); (98,4,3); (99,4,1); (100,4,1); 
Server 1: (12,2,1);  (18,2,1);  (21,2,2);  (26,2,3);  (33,3,3);  (49,3,1); 
Server 2: (13,2,1);  (19,2,2);  (24,2,1);  (27,2,3);  (34,3,2);  (39,3,2); 
Server 3: (17,2,1);  (20,2,2);  (25,2,1);  (28,2,2);  (31,3,3);  (41,3,1); 
Server 4: (15,2,2);  (22,2,2);  (29,3,2);  (32,3,3);  (44,3,1); 
Server 5: (16,2,2);  (23,2,2);  (30,3,3);  (35,3,1);  (36,3,1);  (46,3,1); 

Time: 9
Task-uri in asteptare:: (42,3,3); (43,3,2); (44,3,1); (45,3,3); (46,3,1); (47,3,2); (48,3,2); (49,3,1); (50,3,1); (51,3,3); (52,3,2); (53,3,2); (54,3,3); (55,3,2); (56,3,2); (57,3,3); (58,3,2); (59,3,1); (60,3,3); (61,4,3); (62,4,2); (63,4,3); (64,4,2); (65,4,1); (66,4,3); (67,4,3); (68,4,1); (69,4,3); (70,4,1); (71,4,1); (72,4,2); (73,4,3); (74,4,1); (75,4,3); (76,4,1); (77,4,3); (78,4,3); (79,4,1); (80,4,3); (81,4,2); (82,4,1); (83,4,2); (84,4,2); (85,4,1); (86,4,2); (87,4,1); (88,4,3); (89,4,3); (90,4,2); (91,4,2); (92,4,2); (93,4,1); (94,4,2); (95,4,1); (96,4,3); (97,4,3); (98,4,3); (99,4,1); (100,4,1); 
Server 1: (18,2,1);  (21,2,2);  (26,2,3);  (33,3,3);  (49,3,1); 
Server 2: (19,2,2);  (24,2,1);  (27,2,3);  (34,3,2);  (39,3,2); 
Server 3: (20,2,2);  (25,2,1);  (28,2,2);  (31,3,3);  (41,3,1); 
Server 4: (15,2,1);  (22,2,2);  (29,3,2);  (32,3,3);  (44,3,1); 
Server 5: (16,2,1);  (23,2,2);  (30,3,3);  (35,3,1);  (36,3,1);  (46,3,1); 

Time: 10
Task-uri in asteptare:: (42,3,3); (43,3,2); (44,3,1); (45,3,3); (46,3,1); (47,3,2); (48,3,2); (49,3,1); (50,3,1); (51,3,3); (52,3,2); (53,3,2); (54,3,3); (55,3,2); (56,3,2); (57,3,3); (58,3,2); (59,3,1); (60,3,3); (61,4,3); (62,4,2); (63,4,3); (64,4,2); (65,4,1); (66,4,3); (67,4,3); (68,4,1); (69,4,3); (70,4,1); (71,4,1); (72,4,2); (73,4,3); (74,4,1); (75,4,3); (76,4,1); (77,4,3); (78,4,3); (79,4,1); (80,4,3); (81,4,2); (82,4,1); (83,4,2); (84,4,2); (85,4,1); (86,4,2); (87,4,1); (88,4,3); (89,4,3); (90,4,2); (91,4,2); (92,4,2); (93,4,1); (94,4,2); (95,4,1); (96,4,3); (97,4,3); (98,4,3); (99,4,1); (100,4,1); 
Server 1: (21,2,2);  (26,2,3);  (33,3,3);  (49,3,1); 
Server 2: (19,2,1);  (24,2,1);  (27,2,3);  (34,3,2);  (39,3,2); 
Server 3: (20,2,1);  (25,2,1);  (28,2,2);  (31,3,3);  (41,3,1); 
Server 4: (22,2,2);  (29,3,2);  (32,3,3);  (44,3,1); 
Server 5: (23,2,2);  (30,3,3);  (35,3,1);  (36,3,1);  (46,3,1); 

Time: 11
Task-uri in asteptare:: (42,3,3); (43,3,2); (44,3,1); (45,3,3); (46,3,1); (47,3,2); (48,3,2); (49,3,1); (50,3,1); (51,3,3); (52,3,2); (53,3,2); (54,3,3); (55,3,2); (56,3,2); (57,3,3); (58,3,2); (59,3,1); (60,3,3); (61,4,3); (62,4,2); (63,4,3); (64,4,2); (65,4,1); (66,4,3); (67,4,3); (68,4,1); (69,4,3); (70,4,1); (71,4,1); (72,4,2); (73,4,3); (74,4,1); (75,4,3); (76,4,1); (77,4,3); (78,4,3); (79,4,1); (80,4,3); (81,4,2); (82,4,1); (83,4,2); (84,4,2); (85,4,1); (86,4,2); (87,4,1); (88,4,3); (89,4,3); (90,4,2); (91,4,2); (92,4,2); (93,4,1); (94,4,2); (95,4,1); (96,4,3); (97,4,3); (98,4,3); (99,4,1); (100,4,1); 
Server 1: (21,2,1);  (26,2,3);  (33,3,3);  (49,3,1); 
Server 2: (24,2,1);  (27,2,3);  (34,3,2);  (39,3,2); 
Server 3: (25,2,1);  (28,2,2);  (31,3,3);  (41,3,1); 
Server 4: (22,2,1);  (29,3,2);  (32,3,3);  (44,3,1); 
Server 5: (23,2,1);  (30,3,3);  (35,3,1);  (36,3,1);  (46,3,1); 

Time: 12
Task-uri in asteptare:: (42,3,3); (43,3,2); (44,3,1); (45,3,3); (46,3,1); (47,3,2); (48,3,2); (49,3,1); (50,3,1); (51,3,3); (52,3,2); (53,3,2); (54,3,3); (55,3,2); (56,3,2); (57,3,3); (58,3,2); (59,3,1); (60,3,3); (61,4,3); (62,4,2); (63,4,3); (64,4,2); (65,4,1); (66,4,3); (67,4,3); (68,4,1); (69,4,3); (70,4,1); (71,4,1); (72,4,2); (73,4,3); (74,4,1); (75,4,3); (76,4,1); (77,4,3); (78,4,3); (79,4,1); (80,4,3); (81,4,2); (82,4,1); (83,4,2); (84,4,2); (85,4,1); (86,4,2); (87,4,1); (88,4,3); (89,4,3); (90,4,2); (91,4,2); (92,4,2); (93,4,1); (94,4,2); (95,4,1); (96,4,3); (97,4,3); (98,4,3); (99,4,1); (100,4,1); 
Server 1: (26,2,3);  (33,3,3);  (49,3,1); 
Server 2: (27,2,3);  (34,3,2);  (39,3,2); 
Server 3: (28,2,2);  (31,3,3);  (41,3,1); 
Server 4: (29,3,2);  (32,3,3);  (44,3,1); 
Server 5: (30,3,3);  (35,3,1);  (36,3,1);  (46,3,1); 

Time: 13
Task-uri in asteptare:: (42,3,3); (43,3,2); (44,3,1); (45,3,3); (46,3,1); (47,3,2); (48,3,2); (49,3,1); (50,3,1); (51,3,3); (52,3,2); (53,3,2); (54,3,3); (55,3,2); (56,3,2); (57,3,3); (58,3,2); (59,3,1); (60,3,3); (61,4,3); (62,4,2); (63,4,3); (64,4,2); (65,4,1); (66,4,3); (67,4,3); (68,4,1); (69,4,3); (70,4,1); (71,4,1); (72,4,2); (73,4,3); (74,4,1); (75,4,3); (76,4,1); (77,4,3); (78,4,3); (79,4,1); (80,4,3); (81,4,2); (82,4,1); (83,4,2); (84,4,2); (85,4,1); (86,4,2); (87,4,1); (88,4,3); (89,4,3); (90,4,2); (91,4,2); (92,4,2); (93,4,1); (94,4,2); (95,4,1); (96,4,3); (97,4,3); (98,4,3); (99,4,1); (100,4,1); 
Server 1: (26,2,2);  (33,3,3);  (49,3,1); 
Server 2: (27,2,2);  (34,3,2);  (39,3,2); 
Server 3: (28,2,1);  (31,3,3);  (41,3,1); 
Server 4: (29,3,1);  (32,3,3);  (44,3,1); 
Server 5: (30,3,2);  (35,3,1);  (36,3,1);  (46,3,1); 

Time: 14
Task-uri in asteptare:: (42,3,3); (43,3,2); (44,3,1); (45,3,3); (46,3,1); (47,3,2); (48,3,2); (49,3,1); (50,3,1); (51,3,3); (52,3,2); (53,3,2); (54,3,3); (55,3,2); (56,3,2); (57,3,3); (58,3,2); (59,3,1); (60,3,3); (61,4,3); (62,4,2); (63,4,3); (64,4,2); (65,4,1); (66,4,3); (67,4,3); (68,4,1); (69,4,3); (70,4,1); (71,4,1); (72,4,2); (73,4,3); (74,4,1); (75,4,3); (76,4,1); (77,4,3); (78,4,3); (79,4,1); (80,4,3); (81,4,2); (82,4,1); (83,4,2); (84,4,2); (85,4,1); (86,4,2); (87,4,1); (88,4,3); (89,4,3); (90,4,2); (91,4,2); (92,4,2); (93,4,1); (94,4,2); (95,4,1); (96,4,3); (97,4,3); (98,4,3); (99,4,1); (100,4,1); 
Server 1: (26,2,1);  (33,3,3);  (49,3,1); 
Server 2: (27,2,1);  (34,3,2);  (39,3,2); 
Server 3: (31,3,3);  (41,3,1); 
Server 4: (32,3,3);  (44,3,1); 
Server 5: (30,3,1);  (35,3,1);  (36,3,1);  (46,3,1); 

Time: 15
Task-uri in asteptare:: (42,3,3); (43,3,2); (44,3,1); (45,3,3); (46,3,1); (47,3,2); (48,3,2); (49,3,1); (50,3,1); (51,3,3); (52,3,2); (53,3,2); (54,3,3); (55,3,2); (56,3,2); (57,3,3); (58,3,2); (59,3,1); (60,3,3); (61,4,3); (62,4,2); (63,4,3); (64,4,2); (65,4,1); (66,4,3); (67,4,3); (68,4,1); (69,4,3); (70,4,1); (71,4,1); (72,4,2); (73,4,3); (74,4,1); (75,4,3); (76,4,1); (77,4,3); (78,4,3); (79,4,1); (80,4,3); (81,4,2); (82,4,1); (83,4,2); (84,4,2); (85,4,1); (86,4,2); (87,4,1); (88,4,3); (89,4,3); (90,4,2); (91,4,2); (92,4,2); (93,4,1); (94,4,2); (95,4,1); (96,4,3); (97,4,3); (98,4,3); (99,4,1); (100,4,1); 
Server 1: (33,3,3);  (49,3,1); 
Server 2: (34,3,2);  (39,3,2); 
Server 3: (31,3,2);  (41,3,1); 
Server 4: (32,3,2);  (44,3,1); 
Server 5: (35,3,1);  (36,3,1);  (46,3,1); 

Time: 16
Task-uri in asteptare:: (42,3,3); (43,3,2); (44,3,1); (45,3,3); (46,3,1); (47,3,2); (48,3,2); (49,3,1); (50,3,1); (51,3,3); (52,3,2); (53,3,2); (54,3,3); (55,3,2); (56,3,2); (57,3,3); (58,3,2); (59,3,1); (60,3,3); (61,4,3); (62,4,2); (63,4,3); (64,4,2); (65,4,1); (66,4,3); (67,4,3); (68,4,1); (69,4,3); (70,4,1); (71,4,1); (72,4,2); (73,4,3); (74,4,1); (75,4,3); (76,4,1); (77,4,3); (78,4,3); (79,4,1); (80,4,3); (81,4,2); (82,4,1); (83,4,2); (84,4,2); (85,4,1); (86,4,2); (87,4,1); (88,4,3); (89,4,3); (90,4,2); (91,4,2); (92,4,2); (93,4,1); (94,4,2); (95,4,1); (96,4,3); (97,4,3); (98,4,3); (99,4,1); (100,4,1); 
Server 1: (33,3,2);  (49,3,1); 
Server 2: (34,3,1);  (39,3,2); 
Server 3: (31,3,1);  (41,3,1); 
Server 4: (32,3,1);  (44,3,1); 
Server 5: (36,3,1);  (46,3,1); 

Time: 17
Task-uri in asteptare:: (42,3,3); (43,3,2); (44,3,1); (45,3,3); (46,3,1); (47,3,2); (48,3,2); (49,3,1); (50,3,1); (51,3,3); (52,3,2); (53,3,2); (54,3,3); (55,3,2); (56,3,2); (57,3,3); (58,3,2); (59,3,1); (60,3,3); (61,4,3); (62,4,2); (63,4,3); (64,4,2); (65,4,1); (66,4,3); (67,4,3); (68,4,1); (69,4,3); (70,4,1); (71,4,1); (72,4,2); (73,4,3); (74,4,1); (75,4,3); (76,4,1); (77,4,3); (78,4,3); (79,4,1); (80,4,3); (81,4,2); (82,4,1); (83,4,2); (84,4,2); (85,4,1); (86,4,2); (87,4,1); (88,4,3); (89,4,3); (90,4,2); (91,4,2); (92,4,2); (93,4,1); (94,4,2); (95,4,1); (96,4,3); (97,4,3); (98,4,3); (99,4,1); (100,4,1); 
Server 1: (33,3,1);  (49,3,1); 
Server 2: (39,3,2); 
Server 3: (41,3,1); 
Server 4: (44,3,1); 
Server 5: (46,3,1); 

Time: 18
Task-uri in asteptare:: (42,3,3); (43,3,2); (44,3,1); (45,3,3); (46,3,1); (47,3,2); (48,3,2); (49,3,1); (50,3,1); (51,3,3); (52,3,2); (53,3,2); (54,3,3); (55,3,2); (56,3,2); (57,3,3); (58,3,2); (59,3,1); (60,3,3); (61,4,3); (62,4,2); (63,4,3); (64,4,2); (65,4,1); (66,4,3); (67,4,3); (68,4,1); (69,4,3); (70,4,1); (71,4,1); (72,4,2); (73,4,3); (74,4,1); (75,4,3); (76,4,1); (77,4,3); (78,4,3); (79,4,1); (80,4,3); (81,4,2); (82,4,1); (83,4,2); (84,4,2); (85,4,1); (86,4,2); (87,4,1); (88,4,3); (89,4,3); (90,4,2); (91,4,2); (92,4,2); (93,4,1); (94,4,2); (95,4,1); (96,4,3); (97,4,3); (98,4,3); (99,4,1); (100,4,1); 
Server 1: (49,3,1); 
Server 2: (39,3,1); 
Server 3: inchis
Server 4: inchis
Server 5: inchis

Time: 19
Task-uri in asteptare:: (42,3,3); (43,3,2); (44,3,1); (45,3,3); (46,3,1); (47,3,2); (48,3,2); (49,3,1); (50,3,1); (51,3,3); (52,3,2); (53,3,2); (54,3,3); (55,3,2); (56,3,2); (57,3,3); (58,3,2); (59,3,1); (60,3,3); (61,4,3); (62,4,2); (63,4,3); (64,4,2); (65,4,1); (66,4,3); (67,4,3); (68,4,1); (69,4,3); (70,4,1); (71,4,1); (72,4,2); (73,4,3); (74,4,1); (75,4,3); (76,4,1); (77,4,3); (78,4,3); (79,4,1); (80,4,3); (81,4,2); (82,4,1); (83,4,2); (84,4,2); (85,4,1); (86,4,2); (87,4,1); (88,4,3); (89,4,3); (90,4,2); (91,4,2); (92,4,2); (93,4,1); (94,4,2); (95,4,1); (96,4,3); (97,4,3); (98,4,3); (99,4,1); (100,4,1); 
Server 1: inchis
Server 2: inchis
Server 3: inchis
Server 4: inchis
Server 5: inchis

Time: 20
Task-uri in asteptare:: (42,3,3); (43,3,2); (44,3,1); (45,3,3); (46,3,1); (47,3,2); (48,3,2); (49,3,1); (50,3,1); (51,3,3); (52,3,2); (53,3,2); (54,3,3); (55,3,2); (56,3,2); (57,3,3); (58,3,2); (59,3,1); (60,3,3); (61,4,3); (62,4,2); (63,4,3); (64,4,2); (65,4,1); (66,4,3); (67,4,3); (68,4,1); (69,4,3); (70,4,1); (71,4,1); (72,4,2); (73,4,3); (74,4,1); (75,4,3); (76,4,1); (77,4,3); (78,4,3); (79,4,1); (80,4,3); (81,4,2); (82,4,1); (83,4,2); (84,4,2); (85,4,1); (86,4,2); (87,4,1); (88,4,3); (89,4,3); (90,4,2); (91,4,2); (92,4,2); (93,4,1); (94,4,2); (95,4,1); (96,4,3); (97,4,3); (98,4,3); (99,4,1); (100,4,1); 
Server 1: inchis
Server 2: inchis
Server 3: inchis
Server 4: inchis
Server 5: inchis

Din pacate, mai sunt task-uri care nu au putut fi procesate in aceasta simulare!

Timp mediu de asteptare: 10.279365079365078

Timp mediu de servire: 2.07
